107 174 119 122 pedestrian 0.57
391 204 299 230 car 0.98
110 175 45 101 pedestrian 0.60
387 204 256 166 car 0.73
109 182 84 182 pedestrian 0.91
385 203 273 152 car 0.94
105 182 58 114 pedestrian 0.74
393 195 196 127 car 0.62
112 181 42 151 pedestrian 0.43
393 202 428 171 car 0.58
107 174 119 161 pedestrian 0.43
391 197 410 238 car 0.43
105 182 118 203 pedestrian 0.54
386 195 185 144 car 0.21
108 178 57 159 pedestrian 0.24
389 203 208 130 car 0.42
105 178 91 112 pedestrian 0.35
386 202 416 89 car 0.55
106 177 110 97 pedestrian 0.36
392 195 273 208 car 0.29
114 176 58 154 pedestrian 0.72
393 200 336 122 car 0.47
109 179 116 82 pedestrian 0.51
394 204 229 183 car 0.29
112 182 85 189 pedestrian 0.42
388 203 428 201 car 0.52
105 180 81 110 pedestrian 0.33
386 200 365 85 car 0.56
106 175 93 223 pedestrian 0.41
386 196 368 171 car 0.46
105 177 54 220 pedestrian 0.41
393 197 488 86 car 0.78
107 177 47 183 pedestrian 0.50
391 195 492 86 car 0.34
114 181 117 162 pedestrian 0.62
390 197 275 198 car 0.32
110 179 87 148 pedestrian 0.53
389 199 338 173 car 0.21
107 177 47 183 pedestrian 0.30
391 195 492 86 car 0.53